0 0.794388 0.750000 0.034349 0.074722
0 0.802266 0.682847 0.033125 0.069676
0 0.808529 0.615347 0.035130 0.073935
0 0.814388 0.519468 0.037161 0.091898
0 0.820378 0.425856 0.034974 0.087731
0 0.555169 0.794977 0.050391 0.086528
0 0.551693 0.714676 0.048646 0.086481
0 0.556901 0.619676 0.052135 0.100370
0 0.560378 0.520046 0.052109 0.101944
0 0.562552 0.400324 0.056458 0.106574
0 0.283568 0.758935 0.057083 0.096389
0 0.794388 0.750000 0.034349 0.074722
0 0.106862 0.764074 0.038255 0.067963
0 0.098177 0.694583 0.033021 0.061759
0 0.088607 0.626620 0.031276 0.067963